N=1271215
R2=0.946510
MAE=0.054042
RMSE=0.082145
Bias=-0.016032
Bias_std=0.080565
LoA_upper=0.141876
LoA_lower=-0.173940
AbsErr_P50=0.031034
AbsErr_P90=0.139551
AbsErr_P95=0.189271
