Date: 2026-03-03 13:15:41.727276
Python: 3.10.18 | packaged by Anaconda, Inc. | (main, Jun  5 2025, 13:08:55) [MSC v.1929 64 bit (AMD64)]
Platform: Windows-10-10.0.19045-SP0
