Date: 2026-01-26 18:26:02.734121
Python: 3.13.5 | packaged by Anaconda, Inc. | (main, Jun 12 2025, 16:37:03) [MSC v.1929 64 bit (AMD64)]
Platform: Windows-10-10.0.19045-SP0
